1285705904
1304486109
1246839757
1233290067
1273427276
1359648985
1289096110
1273536446
1209343409
1154009261
1169170504
1358588929
1248955957
1227102698
1167788341
1267314128
1356772546
1333321333
1298696137
1133883850
1383809012
1349507889
1291783779
1162727816
1179046874
1131513930
1198246700
1168481509
1214028719
1231291764
1159484260
1128267392
1145749657
1317041031
1200597263
1165056385
1178737655
1253138201
1298164130
1284981522
1157656960
1264986626
1228312499
1277477208
1262682069
1273015953
1133911335
1353548665
1136608164
1229531271
1167209519
1373614120
1134220362
1265025028
1137411798
1232237440
1306128367
1391438314
1251775733
1173152133
1225774688
1287460663
1191372811
1182081931
1241325722
1156960719
1301140808
1181479848
1145374818
1374005005
1371757322
1242346934
1334586481
1267442907
1141962025
1208221543
1317563975
1196321162
1142983825
1207222725
1396688303
1207639951
1327088798
1245699721
1184030270
1189893949
1240191065
1310057619
1134789517
1165277268
1379574728
1207153645
1336933337
1135212071
1255180606
1221615610
1316443307
1211361116
1348483831
1316875788
1134411737
1330702515
1186559664
1338470635
1158605484
1332080070
1246625636
1224172037
1253077206
1191170056
1287583035
1288402762
1250822765
1195828337
1158588224
1149477047
1348577064
1197057157
1224469725
1158432527
1172198295
1149707767
1246399437
1165371200
1130809465
1235056479
1156994049
1277578741
1217153065
1302826522
1393965829
1252583707
1308234922
1164832776
1153130349
1290120400
1269156190
1242107382
1136039994
1239459981
1354701193
1344273611
1322768766
1278629344
1217102150
1323511527
1300612704
1346499044
1166139870
1137026567
1132431999
1132223692
1282902275
1266212515
1281315781
1246010662
1271618207
1241257629
1309451980
1137489544
1166129534
1165324947
1336502227
1208430144
1372482979
1177608268
1331728719
1266797999
1339742577
1167576951
1371378654
1153146773
1286080397
1326893710
1244486617
1257699593
1167965563
1197021090
1319419492
1275767680
1216173720
1258203278
1267357207
1303258850
1396117711
1138817132
1305663861
1197029054
1226286910
1219042200
1139512776
1291501023
1341759590
1229729956
1214346700
1269395331
1244095591
1339161831
1319154759
1237031497
1167515091
1166462689
1311510441
1235834494
1176129893
1207091162
1197160875
1351879111
1151411061
1385946301
1171949255
1287845516
1206553433
1221509404
1246459259
1356159928
1234550622
1180325220
1342876750
1199177582
1243496690
1215145625
1375069862
1180745961
1293375068
1134543109
1265265111
1211752857
1316527318
1301597356
1244071529
1197656406
1168978399
1231170332
1196984640
1262173643
1324717617
1273138090
1150127283
1147094660
1203503423
1313435339
1184391618
1209889782
1333807290
1342935078
1263648864
1284959612
1350984217
1159542259
1331135699
1158123451
1288952336
1197569406
1318187016
1348410551
1170821064
1157171418
1354310030
1254681752
1201730379
1361439328
1259415257
1378288598
1264722786
1271113810
1282680810
1133207146
1357272370
1322012299
1198616956
1224854794
1169696969
1171026502
1148615527
1297316519
1182108611
1258607058
1215153409
1373687654
1257186289
1397016507
1230751102
1205523418
1279159149
1333718792
1164477708
1201476594
1156137396
1140843380
1162099055
1158537997
1363417187
1129759677
1219712617
1342886503
1217522067
1132001614
1283907968
1231148626
1241960226
1178493295
1182547092
1174121386
1248194723
1215868605
1197305828
1216542069
1149403151
1373655162
1176011916
1333111893
1213049020
1331636953
1217291538
1304159264
1153013870
1232669890
1261650101
1201947430
1266125334
1321920026
1134109950
1375997079
1222301562
1143261428
1222975902
1309331155
1251186402
1318768894
1333165619
1146738089
1291168761
1349601607
1299769220
1288848940
1202057891
1149071982
1300902838
1204828304
1358295353
1166506614
1280278993
1152969678
1337920628
1150912706
1245402600
1140828898
1333065091
1304207622
1244911834
1201656210
1201173969
1235403234
1197990888
1181982220
1133924528
1197043989
1202599845
1156956890
1141782198
1216785679
1329272295
1165507389
1170266927
1180468714
1315929647
1334897143
1174820787
1354887280
1349253750
1279435409
1377211520
1385817306
1344939825
1313576395
1145022970
1267485499
1346970181
1360432710
1375382253
1332959628
1198606436
1190363679
1179264259
1260901035
1319484586
1223170290
1142423471
1144386801
1239996076
1369254248
1219596233
1231135337
1303829880
1342461518
1344252356
1176340473
1277675818
1175538883
1218231004
1256728599
1172617973
1334245678
